timeStamp,elapsed,label,responseCode,responseMessage,threadName,dataType,success,failureMessage,bytes,sentBytes,grpThreads,allThreads,URL,Latency,IdleTime,Connect
1758160118863,1573,https://gateway-apim-test.vuce.gob.pe/pass-through-https-cert/cp2/translate/1.0/lang/es,200,,Thread Group 1-1,text,true,,136314,2321,1,1,https://gateway-apim-test.vuce.gob.pe/pass-through-https-cert/cp2/translate/1.0/lang/es,1202,0,1155
1758160120437,712,https://gateway-apim-test.vuce.gob.pe/pass-through-https-cert/cp2/fichatecnica-query/1.0/ficha-tecnica?numberpage=1&sizepage=25&perfil=A,200,OK,Thread Group 1-1,text,true,,98805,2602,1,1,https://gateway-apim-test.vuce.gob.pe/pass-through-https-cert/cp2/fichatecnica-query/1.0/ficha-tecnica?numberpage=1&sizepage=25&perfil=A,418,0,0
1758160121150,38,https://gateway-apim-test.vuce.gob.pe/pass-through-https-cert/cp2/comunes-query/1.0/master/allByCode?code=estadoFicTec,200,,Thread Group 1-1,text,true,,1518,2651,1,1,https://gateway-apim-test.vuce.gob.pe/pass-through-https-cert/cp2/comunes-query/1.0/master/allByCode?code=estadoFicTec,38,0,0
1758160121188,121,https://gateway-apim-test.vuce.gob.pe/pass-through-https-cert/cp2/comunes-query/1.0/master/allByCode?code=pais,200,,Thread Group 1-1,text,true,,28835,2710,1,1,https://gateway-apim-test.vuce.gob.pe/pass-through-https-cert/cp2/comunes-query/1.0/master/allByCode?code=pais,53,0,0
1758160121310,116,https://gateway-apim-test.vuce.gob.pe/pass-through-https-cert/cp2/fichatecnica-query/1.0/filtro?numberpage=1&sizepage=25&perfil=A,200,OK,Thread Group 1-1,text,true,,12314,2915,1,1,https://gateway-apim-test.vuce.gob.pe/pass-through-https-cert/cp2/fichatecnica-query/1.0/filtro?numberpage=1&sizepage=25&perfil=A,116,0,0
1758160121427,87,https://gateway-apim-test.vuce.gob.pe/pass-through-https-cert/cp2/comunes-query/1.0/master/allByCodeAndDescription?code=pais&description=&page=0&size=10,200,,Thread Group 1-1,text,true,,2029,2752,1,1,https://gateway-apim-test.vuce.gob.pe/pass-through-https-cert/cp2/comunes-query/1.0/master/allByCodeAndDescription?code=pais&size=10&description=&page=0,87,0,0
1758160121515,27,https://gateway-apim-test.vuce.gob.pe/pass-through-https-cert/cp2/comunes-query/1.0/master/allByCodeAndDescription?code=puerto&description=&page=0&size=10,200,,Thread Group 1-1,text,true,,2007,2754,1,1,https://gateway-apim-test.vuce.gob.pe/pass-through-https-cert/cp2/comunes-query/1.0/master/allByCodeAndDescription?code=puerto&size=10&description=&page=0,27,0,0
1758160121543,65,https://gateway-apim-test.vuce.gob.pe/pass-through-https-cert/cp2/comunes-query/1.0/master/allByCodeAndDescription?code=tipoNave&description=&page=0&size=10,200,,Thread Group 1-1,text,true,,1696,2756,1,1,https://gateway-apim-test.vuce.gob.pe/pass-through-https-cert/cp2/comunes-query/1.0/master/allByCodeAndDescription?code=tipoNave&size=10&description=&page=0,65,0,0
1758160121609,34,https://gateway-apim-test.vuce.gob.pe/pass-through-https-cert/cp2/comunes-query/1.0/master/allByCodeAndDescription?code=armador&description=&page=0&size=10,200,,Thread Group 1-1,text,true,,1937,2755,1,1,https://gateway-apim-test.vuce.gob.pe/pass-through-https-cert/cp2/comunes-query/1.0/master/allByCodeAndDescription?code=armador&size=10&description=&page=0,34,0,0
1758160121643,30,https://gateway-apim-test.vuce.gob.pe/pass-through-https-cert/cp2/comunes-query/1.0/master/allByCodeAndDescription?code=naviera&description=&page=0&size=10,200,,Thread Group 1-1,text,true,,1791,2755,1,1,https://gateway-apim-test.vuce.gob.pe/pass-through-https-cert/cp2/comunes-query/1.0/master/allByCodeAndDescription?code=naviera&size=10&description=&page=0,30,0,0
1758160121673,31,https://gateway-apim-test.vuce.gob.pe/pass-through-https-cert/cp2/comunes-query/1.0/master/allByCode?code=tipoTrafico,200,,Thread Group 1-1,text,true,,1108,2717,1,1,https://gateway-apim-test.vuce.gob.pe/pass-through-https-cert/cp2/comunes-query/1.0/master/allByCode?code=tipoTrafico,31,0,0
1758160121705,29,https://gateway-apim-test.vuce.gob.pe/pass-through-https-cert/cp2/comunes-query/1.0/master/allByCode?code=materialCasco,200,,Thread Group 1-1,text,true,,1339,2719,1,1,https://gateway-apim-test.vuce.gob.pe/pass-through-https-cert/cp2/comunes-query/1.0/master/allByCode?code=materialCasco,29,0,0
1758160121735,59,https://gateway-apim-test.vuce.gob.pe/pass-through-https-cert/cp2/fichatecnica-query/1.0/documento?numberpage=1&sizepage=5&idFichaTecnicaDet=4310,200,OK,Thread Group 1-1,text,true,,924,2745,1,1,https://gateway-apim-test.vuce.gob.pe/pass-through-https-cert/cp2/fichatecnica-query/1.0/documento?numberpage=1&idFichaTecnicaDet=4310&sizepage=5,59,0,0
1758160121795,59,https://gateway-apim-test.vuce.gob.pe/pass-through-https-cert/cp2/fichatecnica-query/1.0/documentos/vencidos?idFichaTecnicaDet=4310,200,OK,Thread Group 1-1,text,true,,928,2731,1,1,https://gateway-apim-test.vuce.gob.pe/pass-through-https-cert/cp2/fichatecnica-query/1.0/documentos/vencidos?idFichaTecnicaDet=4310,59,0,0
1758160121855,6350,https://gateway-apim-test.vuce.gob.pe/pass-through-https-cert/cp2/fichatecnica-command/1.0/camunda/fichas-tecnicas/3848/detalle/4310,200,OK,Thread Group 1-1,text,true,,1032,3780,1,1,https://gateway-apim-test.vuce.gob.pe/pass-through-https-cert/cp2/fichatecnica-command/1.0/camunda/fichas-tecnicas/3848/detalle/4310,6350,0,0
1758160128206,1513,https://gateway-apim-test.vuce.gob.pe/pass-through-https-cert/cp2/fichatecnica-query/1.0/ficha-tecnica?numberpage=1&sizepage=25&perfil=A,200,OK,Thread Group 1-1,text,true,,98732,2803,1,1,https://gateway-apim-test.vuce.gob.pe/pass-through-https-cert/cp2/fichatecnica-query/1.0/ficha-tecnica?numberpage=1&sizepage=25&perfil=A,213,0,0
1758160129719,30,https://gateway-apim-test.vuce.gob.pe/pass-through-https-cert/cp2/comunes-query/1.0/master/allByCode?code=estadoFicTec,200,,Thread Group 1-1,text,true,,1421,2785,1,1,https://gateway-apim-test.vuce.gob.pe/pass-through-https-cert/cp2/comunes-query/1.0/master/allByCode?code=estadoFicTec,30,0,0
1758160129749,64,https://gateway-apim-test.vuce.gob.pe/pass-through-https-cert/cp2/comunes-query/1.0/master/allByCode?code=pais,200,,Thread Group 1-1,text,true,,28835,2777,1,1,https://gateway-apim-test.vuce.gob.pe/pass-through-https-cert/cp2/comunes-query/1.0/master/allByCode?code=pais,47,0,0
